beta0 [ 1.62434536 -0.61175641 -0.52817175 -1.07296862  0.86540763]

n_replicates = 10

_prop_NA = 0.25
_d = 5
_corr_miss = 0.65
_var_miss = 1.
_max_var_obs = 1.
_mu_miss = 0.0
_var_mu_obs = 0.5
_n_obs = 2

n_train = 100_000
n_test = 15_000
n = n_train + n_test

N_MC = 10_000